"species","x","y","bio1_28","bio3_28","bio8_28","bio10_28","bio11_28","bio14_28","bio15_28","cy_freq","swind","elvation","salinity"
"species",1,1,26.1000003814697,4.09999990463257,28.5,29.1000003814697,20.5,0.800000011920929,9.30000019073486,"2",2.79999995231628,10,3.98543930053711
"species",2,2,26.1000003814697,4.09999990463257,28.5,29.2000007629395,20.5,0.800000011920929,9.19999980926514,"2",2.79999995231628,10,4.08585596084595
"species",3,3,26.1000003814697,4.09999990463257,28.5,29.2000007629395,20.3999996185303,0.800000011920929,9.30000019073486,"1",2.90000009536743,9,5.01685428619385
"species",4,4,26.1000003814697,4.09999990463257,28.5,29.2000007629395,20.5,0.800000011920929,9.30000019073486,"1",3.06666660308838,8,5.33863735198975
"species",5,5,26,4.09999990463257,28.5,29.1000003814697,20.5,0.800000011920929,9.30000019073486,"1",2.78333330154419,13,5.39160108566284
"species",6,6,26,4.09999990463257,28.5,29.1000003814697,20.3999996185303,0.800000011920929,9.30000019073486,"1",2.91666674613953,11,5.3602499961853
"species",7,7,26.1000003814697,4.09999990463257,28.5,29.2000007629395,20.5,0.800000011920929,9.19999980926514,"1",2.78333330154419,12,4.31421041488647
"species",8,8,26.1000003814697,4.19999980926514,28.5,29.1000003814697,20.3999996185303,0.800000011920929,9.30000019073486,"1",2.85000014305115,10,4.59043598175049
"species",9,9,26.1000003814697,4.09999990463257,28.5,29.2000007629395,20.5,0.800000011920929,9.39999961853027,"1",2.85000014305115,11,6.32997798919678
"species",10,10,26.1000003814697,4.09999990463257,28.5,29.1000003814697,20.6000003814697,0.800000011920929,9.5,"2",2.91666674613953,13,6.07978630065918
"species",11,11,26.1000003814697,4.09999990463257,28.5,29.2000007629395,20.6000003814697,0.800000011920929,9.39999961853027,"1",2.90000009536743,12,6.05812120437622
"species",12,12,26.1000003814697,4.09999990463257,28.5,29.1000003814697,20.6000003814697,0.800000011920929,9.39999961853027,"1",2.86666655540466,11,6.35596084594727
"species",13,13,26.1000003814697,4.09999990463257,28.5,29.1000003814697,20.6000003814697,0.800000011920929,9.5,"1",2.95000004768372,11,6.34512853622437
"species",14,14,26.1000003814697,4.09999990463257,28.5,29.1000003814697,20.6000003814697,0.800000011920929,9.39999961853027,"1",3.04999995231628,11,5.61863660812378
"species",15,15,26,4.09999990463257,28.3999996185303,29.1000003814697,20.6000003814697,0.800000011920929,9.39999961853027,"1",3,16,5.4914698600769
"species",16,16,26.1000003814697,4.09999990463257,28.5,29.1000003814697,20.6000003814697,0.800000011920929,9.39999961853027,"0",2.98333334922791,12,5.44881868362427
"species",17,17,26.1000003814697,4.09999990463257,28.6000003814697,29.1000003814697,20.7000007629395,0.800000011920929,9.5,"0",3.03333330154419,6,6.45919561386108
"species",18,18,26.1000003814697,4.09999990463257,28.3999996185303,29.1000003814697,20.7000007629395,0.800000011920929,9.60000038146973,"1",2.95000004768372,10,6.31934690475464
"species",19,19,26,4.09999990463257,28.3999996185303,29.1000003814697,20.6000003814697,0.800000011920929,9.5,"1",2.95000004768372,10,6.11619424819946
"species",20,20,26,4.09999990463257,28.3999996185303,29.1000003814697,20.6000003814697,0.800000011920929,9.60000038146973,"2",3,10,6.1929783821106
"species",21,21,26.1000003814697,4,28.3999996185303,29.1000003814697,20.7000007629395,0.800000011920929,9.60000038146973,"1",2.98333334922791,7.5,4.56629419326782
"species",22,22,26.1000003814697,4.09999990463257,28.3999996185303,29.1000003814697,20.7000007629395,0.800000011920929,9.5,"1",3.04999995231628,6,6.19261360168457
"species",23,23,26,4.09999990463257,28.3999996185303,29.1000003814697,20.6000003814697,0.800000011920929,9.5,"1",3.04999995231628,11,6.75252485275269
"species",24,24,26.1000003814697,4.09999990463257,28.5,29.1000003814697,20.5,0.800000011920929,9.39999961853027,"1",3.04999995231628,12,5.42021036148071
"species",25,25,26.1000003814697,4.09999990463257,28.3999996185303,29.1000003814697,20.6000003814697,0.800000011920929,9.39999961853027,"1",3,15,5.28421640396118
"species",26,26,26,4.09999990463257,28.3999996185303,29,20.6000003814697,0.899999976158142,9.5,"1",2.86666655540466,12,4.03579521179199
"species",27,27,26,4.09999990463257,28.2999992370605,29,20.7000007629395,0.899999976158142,9.60000038146973,"2",2.89999985694885,10,4.51331520080566
"species",28,28,26,4,28.2999992370605,29,20.7000007629395,0.899999976158142,9.60000038146973,"1",2.88333344459534,13,4.22890615463257
"species",29,29,26,4.09999990463257,28.2999992370605,29,20.7000007629395,0.899999976158142,9.60000038146973,"1",2.91666674613953,12,5.19371652603149
"species",30,30,26.1000003814697,4,28.3999996185303,29.1000003814697,20.6000003814697,0.899999976158142,9.39999961853027,"1",2.93333339691162,7,3.86679530143738
"species",31,31,26.1000003814697,4.09999990463257,28.2999992370605,29,20.7999992370605,0.899999976158142,9.60000038146973,"1",3.03333330154419,9,5.10783433914185
"species",32,32,26.1000003814697,4,28.2999992370605,29,20.7999992370605,0.899999976158142,9.69999980926514,"1",2.96666669845581,10,5.07036161422729
"species",33,33,26.1000003814697,4.09999990463257,28.2999992370605,29.1000003814697,20.7999992370605,0.899999976158142,9.60000038146973,"1",2.98333334922791,9,5.06680917739868
"species",34,34,26.1000003814697,4.09999990463257,28.3999996185303,29,20.8999996185303,0.800000011920929,9.80000019073486,"3",2.84999990463257,9,7.59302568435669
"species",35,35,26,4.09999990463257,28.2999992370605,29,20.7000007629395,0.899999976158142,9.69999980926514,"2",2.88333344459534,11,5.30685615539551
"species",36,36,26.1000003814697,4.19999980926514,28.6000003814697,29.2000007629395,20.5,0.699999988079071,9.30000019073486,"2",2.78333330154419,12,3.98215651512146
"species",37,37,26.1000003814697,4.09999990463257,28.5,29.2000007629395,20.6000003814697,0.800000011920929,9.39999961853027,"1",2.95000004768372,11,7.26352787017822
"species",38,38,26.1000003814697,4.09999990463257,28.5,29.2000007629395,20.5,0.699999988079071,9.39999961853027,"1",2.76666665077209,11,6.8277382850647
"species",39,39,26.1000003814697,4.09999990463257,28.6000003814697,29.2000007629395,20.5,0.800000011920929,9.39999961853027,"2",2.95000004768372,11,5.39007377624512
"species",40,40,26.1000003814697,4.09999990463257,28.6000003814697,29.2000007629395,20.5,0.800000011920929,9.30000019073486,"2",2.90000009536743,12,5.30343532562256
"species",41,41,26.1000003814697,4.09999990463257,28.5,29.1000003814697,20.6000003814697,0.800000011920929,9.39999961853027,"0",2.86666679382324,11,6.0694055557251
"species",42,42,26.1000003814697,4.09999990463257,28.6000003814697,29.2000007629395,20.5,0.699999988079071,9.39999961853027,"1",2.88333320617676,6,6.32742071151733
"species",43,43,26.1000003814697,4.09999990463257,28.6000003814697,29.2000007629395,20.6000003814697,0.699999988079071,9.39999961853027,"1",2.76666665077209,8,5.86184453964233
"species",44,44,26.1000003814697,4.09999990463257,28.6000003814697,29.2000007629395,20.6000003814697,0.699999988079071,9.5,"1",2.90000009536743,9,7.0921311378479
"species",45,45,26.1000003814697,4.09999990463257,28.6000003814697,29.2000007629395,20.7000007629395,0.699999988079071,9.5,"1",3.04999995231628,10,6.17856407165527
"species",46,46,26.1000003814697,4.09999990463257,28.6000003814697,29.1000003814697,20.7000007629395,0.699999988079071,9.60000038146973,"1",3.06666660308838,10,6.40075826644897
"species",47,47,26.1000003814697,4.09999990463257,28.5,29.1000003814697,20.6000003814697,0.800000011920929,9.69999980926514,"0",3.06666660308838,7,6.73793745040894
"species",48,48,26.1000003814697,4.09999990463257,28.6000003814697,29.2000007629395,20.7000007629395,0.800000011920929,9.5,"1",3.04999995231628,5,7.96274566650391
"species",49,49,26.1000003814697,4.09999990463257,28.5,29.2000007629395,20.7000007629395,0.800000011920929,9.5,"1",2.95000004768372,7,7.73099613189697
"species",50,50,26.1000003814697,4.09999990463257,28.5,29.1000003814697,20.7000007629395,0.800000011920929,9.5,"0",2.95000004768372,10,6.50582456588745
"species",51,51,26.1000003814697,4.19999980926514,28.7000007629395,29.2999992370605,20.5,0.699999988079071,9.19999980926514,"2",2.83333349227905,9,7.59705924987793
"species",52,52,26.1000003814697,4.19999980926514,28.7000007629395,29.2999992370605,20.5,0.699999988079071,9.19999980926514,"1",2.84999990463257,10,7.37274265289307
"species",53,53,26.2000007629395,4.19999980926514,28.7000007629395,29.2999992370605,20.5,0.699999988079071,9.30000019073486,"2",2.84999990463257,5,6.73900508880615
"species",54,54,26.1000003814697,4.19999980926514,28.6000003814697,29.2000007629395,20.5,0.699999988079071,9.39999961853027,"0",2.83333325386047,7,6.4386625289917
"species",55,55,26.1000003814697,4.09999990463257,28.6000003814697,29.2999992370605,20.5,0.699999988079071,9.39999961853027,"1",2.90000009536743,7,6.40779447555542
"species",56,56,26.2000007629395,4.09999990463257,28.7000007629395,29.2999992370605,20.5,0.699999988079071,9.30000019073486,"2",2.79999995231628,9,5.68764066696167
"species",57,57,26.2000007629395,4.19999980926514,28.7000007629395,29.2999992370605,20.5,0.699999988079071,9.30000019073486,"1",2.73333334922791,9,5.08080434799194
"species",58,58,26.1000003814697,4.19999980926514,28.7000007629395,29.2000007629395,20.3999996185303,0.699999988079071,9.19999980926514,"1",2.66666674613953,12,6.45014524459839
"species",59,59,26.1000003814697,4.19999980926514,28.7000007629395,29.2999992370605,20.3999996185303,0.699999988079071,9.30000019073486,"1",2.65000009536743,12,6.419517993927
"species",60,60,26.2000007629395,4,28.7000007629395,29.2999992370605,20.7000007629395,0.699999988079071,9.60000038146973,"0",3.09999990463257,6,8.69984245300293
"species",61,61,26,4,28.2999992370605,29,20.7000007629395,0.899999976158142,9.60000038146973,"1",2.96666669845581,11,4.19750738143921
"species",62,62,26.1000003814697,4,28.3999996185303,29,20.7999992370605,0.899999976158142,9.69999980926514,"0",2.79999995231628,9,4.15242576599121
"species",63,63,26.1000003814697,4,28.5,29.1000003814697,20.7999992370605,0.699999988079071,9.69999980926514,"2",2.91666674613953,6,8.80662631988525
"species",64,64,26.1000003814697,4,28.5,29.1000003814697,20.7999992370605,0.800000011920929,9.69999980926514,"0",2.78333330154419,10,5.47486448287964
"species",65,65,26.1000003814697,4,28.5,29.1000003814697,20.7999992370605,0.800000011920929,9.69999980926514,"1",2.76666665077209,9,5.35578489303589
"species",66,66,26.1000003814697,4,28.5,29,20.7999992370605,0.800000011920929,9.69999980926514,"0",2.79999995231628,10,5.33152008056641
"species",67,67,26.1000003814697,4,28.5,29.1000003814697,20.7999992370605,0.800000011920929,9.69999980926514,"1",2.73333334922791,9,5.28339862823486
"species",68,68,26.1000003814697,4,28.5,29.1000003814697,20.7999992370605,0.800000011920929,9.69999980926514,"0",3,8,7.35082960128784
"species",69,69,26.1000003814697,4,28.5,29.1000003814697,20.7999992370605,0.800000011920929,9.69999980926514,"0",2.95000004768372,8,7.61232328414917
